0.073258427
0.013932584
0.004494382
0.002247191
0.007191011
0.003146067
0.000449438
0.000449438
0.002696629
0.001348315
0.003595506
0.003146067
0.001797753
0.001797753
0.001797753
0.000449438
0.000449438
0.015280899
0.004494382
0.002247191
0.002247191
0.003146067
0.002696629
0.000898876
0.000449438
0.000449438
0.002696629
0.000898876
0.001797753
0.000449438
0.000898876
0.000449438
0.000449438
0.000449438
0.000898876
0.000449438
0.000449438
0.001348315
0.000449438
0.000449438
0.000449438
0.000449438
0.000449438
0.001797753
0.000449438
0.000898876
0.000449438
0.000898876
0.000449438
0.000898876
0.000449438
0.000449438
0.000449438
0.000449438
0.000449438
0.007191011
0.002696629
0.001348315
0.001348315
0.002696629
0.001797753
0.000898876
0.001348315
0.001797753
0.000449438
0.000898876
0.000898876
0.000898876
0.000449438
0.001348315
0.001797753
0.000449438
0.002247191
0.001348315
0.000449438
0.000449438
0.000449438
0.000449438
0.000449438
0.000898876
0.000898876
0.000449438
0.000449438
0.000898876
0.000449438
0.000449438
0.008089888
0.003595506
0.002696629
0.002247191
0.002247191
0.001797753
0.001348315
0.000898876
0.000898876
0.000449438
0.002696629
0.000898876
0.001348315
0.000449438
0.000449438
0.003595506
0.002247191
0.002696629
0.001348315
0.001797753
0.001348315
0.001797753
0.003146067
0.000449438
0.000449438
0.000449438
0.000898876
0.000449438
0.000449438
0.000449438
0.000449438
0.000449438
0.000449438
0.000449438
0.000449438
0.000449438
0.000449438
0.000449438
0.000449438
0.000898876
0.000449438
0.000898876
0.000449438
0.001348315
0.000898876
0.000449438
0.000449438
0.001348315
0.000449438
0.000449438
0.000898876
0.000449438
0.000449438
0.000449438
0.001348315
0.000449438
0.003146067
0.000898876
0.001797753
0.000898876
0.000898876
0.000898876
0.000898876
0.000449438
0.000449438
0.005842697
0.002696629
0.000449438
0.000449438
0.000898876
0.001797753
0.001348315
0.001348315
0.000449438
0.003146067
0.000898876
0.000449438
0.000449438
0.000449438
0.000449438
0.001348315
0.000898876
0.000449438
0.000449438
0.001797753
0.002247191
0.000449438
0.003146067
0.003595506
0.000449438
0.000898876
0.000449438
0.002247191
0.000898876
0.000898876
0.000898876
0.000898876
0.000449438
0.000449438
0.001797753
0.000449438
0.000449438
0.000449438
0.000449438
0.000449438
0.000449438
0.000449438
0.000449438
0.000449438
0.000449438
0.000449438
0.001348315
0.002247191
0.000449438
0.000449438
0.000898876
0.000449438
0.001348315
0.002247191
0.000449438
0.000449438
0.000449438
0.000449438
0.000898876
0.000898876
0.000898876
0.000449438
0.000898876
0.001797753
0.000898876
0.000449438
0.000898876
0.001797753
0.000898876
0.001797753
0.001797753
0.001348315
0.002696629
0.001348315
0.000449438
0.001797753
0.001348315
0.003595506
0.000449438
0.000449438
0.000449438
0.000898876
0.000449438
0.000449438
0.000449438
0.000898876
0.000898876
0.000898876
0.000449438
0.000449438
0.002247191
0.000898876
0.001348315
0.000449438
0.000449438
0.002247191
0.000898876
0.001348315
0.000449438
0.002247191
0.000449438
0.001348315
0.000449438
0.000449438
0.001797753
0.000898876
0.000898876
0.000449438
0.000898876
0.000449438
0.001348315
0.000898876
0.000449438
0.002696629
0.003146067
0.000449438
0.000449438
0.000449438
0.000449438
0.000449438
0.000449438
0.000449438
0.000449438
0.000449438
0.000449438
0.000449438
0.000449438
0.000449438
0.000449438
0.000449438
0.000449438
0.000449438
0.000898876
0.000449438
0.000898876
0.001348315
0.002696629
0.000898876
0.000449438
0.001348315
0.003595506
0.001348315
0.000898876
0.000898876
0.000898876
0.000449438
0.001348315
0.000449438
0.002696629
0.002247191
0.001797753
0.002247191
0.003146067
0.002247191
0.001797753
0.004044944
0.011685393
0.000449438
0.000449438
0.000449438
0.000449438
0.000449438
0.008988764
0.001348315
0.000898876
0.000449438
0.002696629
0.001348315
0.000449438
0.000449438
0.000898876
0.000898876
0.000898876
0.001797753
0.000449438
0.000898876
0.000449438
0.001348315
0.001348315
0.004494382
0.001797753
0.001348315
0.000449438
0.001348315
0.000449438
0.000449438
0.001348315
0.000449438
0.000449438
0.000449438
0.000449438
0.000898876
0.000898876
0.000898876
0.000898876
0.000449438
0.000449438
0.000449438
0.000449438
0.000449438
0.000449438
0.000898876
0.000449438
0.000449438
0.000449438
0.002696629
0.000898876
0.000449438
0.001348315
0.001797753
0.000449438
0.000898876
0.000449438
0.001348315
0.000449438
0.001348315
0.000898876
0.002247191
0.000449438
0.000898876
0.000449438
0.002696629
0.002247191
0.001348315
0.000449438
0.000449438
0.000449438
0.001348315
0.000449438
0.000898876
0.000449438
0.001797753
0.001348315
0.001348315
0.001348315
0.000449438
0.000449438
0.000449438
0.000449438
0.000449438
0.000449438
0.000449438
0.001797753
0.001348315
0.000898876
0.000449438
0.000898876
0.000898876
0.000449438
0.001348315
0.000449438
0.001348315
0.000449438
0.000449438
0.000449438
0.001348315
0.001797753
0.000449438
0.000898876
0.001348315
0.001797753
0.000898876
0.001797753
0.000449438
0.001797753
0.000449438
0.001797753
0.000898876
0.000898876
0.000898876
0.000898876
0.000449438
0.001797753
0.000449438
0.000449438
0.000898876
0.000449438
0.000449438
0.000449438
0.000449438
0.000449438
0.000898876
0.000898876
0.000449438
0.001797753
0.000898876
0.000898876
0.000898876
0.000449438
0.002696629
0.000449438
0.000449438
0.000449438
0.002247191
0.000449438
0.001348315
0.001348315
0.003595506
0.000898876
0.000449438
0.000449438
0.002247191
0.000449438
0.000898876
0.000898876
0.001797753
0.000449438
0.000898876
0.000898876
0.004494382
0.001797753
0.000898876
0.004044944
0.003146067
0.000449438
0.000449438
0.000449438
0.002696629
0.000449438
0.000898876
0.000898876
0.000898876
0.001348315
0.000898876
0.001348315
0.000449438
0.001797753
0.000898876
0.000449438
0.001797753
0.001348315
0.000449438
0.000449438
0.001348315
0.000449438
0.001348315
0.000898876
0.000449438
0.001797753
0.000898876
0.001348315
0.000898876
0.000449438
0.001348315
0.000898876
0.000449438
0.000449438
0.000449438
0.000449438
0.000449438
0.000449438
0.000449438
0.000449438
0.000449438
0.000449438
0.000449438
0.000449438
0.000449438
0.000449438
0.000449438
0.000449438
0.000898876
0.000898876
0.001797753
0.000449438
0.000898876
0.000449438
0.001348315
0.001348315
0.000898876
0.001797753
0.003595506
0.001797753
0.003595506
0.000898876
0.000898876
0.001797753
0.000898876
0.002247191
0.001348315
0.000898876
0.002696629
0.000898876
0.000449438
0.003595506
0.004044944
0.004044944
0.002696629
0.004494382
0.006292135
0.009887640
0.000449438
0.000449438
0.001348315
0.000449438
0.000449438
0.000449438
0.000449438
0.001348315
0.000449438
0.000449438
0.001348315
0.000449438
0.000898876
0.001797753
0.001348315
0.003595506
0.000449438
0.000449438
0.000449438
0.001348315
0.001797753
0.001797753
0.000898876
0.002247191
0.002247191
0.001348315
0.000449438
0.001348315
0.000898876
0.003146067
0.005393258
0.000449438
0.000449438
0.003146067
0.005393258
0.000449438
0.000449438
0.000449438
0.000898876
0.000449438
0.000449438
0.000449438
0.000449438
0.000898876
0.001348315
0.000898876
0.000449438
0.000449438
0.000449438
0.000449438
0.000898876
0.000898876
0.000449438
0.000898876
0.000449438
0.000449438
0.000898876
0.000449438
0.000449438
0.000898876
0.001797753
0.001348315
0.001797753
0.000449438
0.001348315
0.003146067
0.000898876
0.003146067
0.003146067
0.013033708
0.000449438
0.001348315
0.001797753
0.001797753
0.002247191
0.001797753
0.007640449
0.000449438
0.000449438
0.002247191
0.002247191
0.008988764
0.016629213
0.008988764
0.007191011
0.000449438
0.026067416
0.064269663
