0.001
0.000225806
0.00219355
0.000354839
0.000290323
9.67742e-05
0.00280645
3.22581e-05
0.00016129
0.000129032
3.22581e-05
6.45161e-05
0.000419355
9.67742e-05
0.0026129
0.000645161
0.0390968
0.00280645
0.000354839
0.000322581
0.0227742
0.00251613
0.00129032
3.22581e-05
0.007
0.000354839
3.22581e-05
6.45161e-05
0.00480645
0.000935484
0.000516129
9.67742e-05
0.00106452
0.000129032
3.22581e-05
3.22581e-05
0.000322581
6.45161e-05
0.000129032
6.45161e-05
6.45161e-05
6.45161e-05
3.22581e-05
0.000129032
3.22581e-05
0.00158065
0.000677419
0.00777419
0.001
0.000129032
0.000129032
0.00174194
0.000612903
0.000225806
3.22581e-05
0.000935484
3.22581e-05
9.67742e-05
6.45161e-05
0.000258065
0.00016129
0.00016129
0.000129032
0.000225806
6.45161e-05
9.67742e-05
0.000225806
0.000548387
3.22581e-05
9.67742e-05
0.000129032
0.000225806
3.22581e-05
0.00016129
0.000612903
0.000193548
6.45161e-05
6.45161e-05
0.000290323
3.22581e-05
3.22581e-05
0.00125806
0.00280645
0.000225806
9.67742e-05
0.000903226
0.000741935
0.000419355
0.000129032
0.00625806
0.00696774
9.67742e-05
0.000419355
0.000129032
0.000193548
0.000548387
0.000290323
0.000774194
9.67742e-05
3.22581e-05
0.000225806
3.22581e-05
3.22581e-05
6.45161e-05
6.45161e-05
0.000354839
0.001
0.00083871
0.00203226
0.000193548
0.000419355
0.00316129
0.0165806
9.67742e-05
0.000193548
0.00016129
0.000354839
0.000129032
0.000193548
0.000387097
0.00103226
0.000645161
0.000419355
0.00154839
0.000258065
9.67742e-05
0.000387097
3.22581e-05
0.000129032
0.000225806
0.00016129
0.000129032
9.67742e-05
6.45161e-05
6.45161e-05
0.00016129
0.000322581
0.000322581
0.00248387
0.000967742
9.67742e-05
0.000129032
9.67742e-05
0.00016129
0.000612903
0.000741935
0.00229032
0.000290323
0.000193548
6.45161e-05
0.000451613
9.67742e-05
0.00129032
0.000322581
0.000516129
0.000129032
6.45161e-05
6.45161e-05
0.000290323
3.22581e-05
0.00016129
3.22581e-05
3.22581e-05
6.45161e-05
0.000129032
0.000225806
3.22581e-05
0.000548387
0.00170968
0.00241935
0.0036129
0.000225806
0.000193548
0.000129032
0.000258065
0.000290323
0.000258065
0.000225806
3.22581e-05
3.22581e-05
0.00016129
0.000129032
0.000129032
6.45161e-05
0.000193548
6.45161e-05
0.000193548
3.22581e-05
3.22581e-05
3.22581e-05
3.22581e-05
0.000129032
3.22581e-05
0.00016129
0.00016129
0.000387097
3.22581e-05
0.000258065
0.000322581
0.000129032
0.000677419
3.22581e-05
0.000290323
0.000129032
0.000774194
3.22581e-05
0.000129032
0.000354839
0.00135484
0.000354839
0.00145161
0.000258065
0.000516129
9.67742e-05
0.000709677
6.45161e-05
0.000387097
0.000129032
9.67742e-05
0.000129032
3.22581e-05
0.000129032
9.67742e-05
0.000129032
0.00016129
0.00435484
0.000580645
0.00441935
3.22581e-05
0.000645161
0.000290323
0.00258065
9.67742e-05
0.000645161
0.000387097
0.000709677
0.00016129
0.000483871
0.000225806
0.00212903
0.00125806
9.67742e-05
0.000548387
0.00016129
0.000548387
9.67742e-05
0.00183871
0.000451613
0.000483871
6.45161e-05
0.000322581
6.45161e-05
0.000387097
0.000225806
0.000580645
6.45161e-05
0.000290323
3.22581e-05
0.000483871
0.000645161
0.000258065
0.000129032
0.00170968
0.000129032
6.45161e-05
9.67742e-05
0.00364516
0.00016129
0.000741935
0.000354839
0.000193548
0.000193548
0.000193548
9.67742e-05
6.45161e-05
6.45161e-05
3.22581e-05
3.22581e-05
3.22581e-05
3.22581e-05
6.45161e-05
0.000258065
6.45161e-05
0.000387097
3.22581e-05
0.00016129
0.00016129
0.00016129
0.00016129
0.000290323
3.22581e-05
3.22581e-05
3.22581e-05
9.67742e-05
6.45161e-05
6.45161e-05
3.22581e-05
6.45161e-05
3.22581e-05
3.22581e-05
9.67742e-05
0.000354839
0.000354839
6.45161e-05
6.45161e-05
0.00016129
0.000741935
0.000322581
0.000225806
9.67742e-05
9.67742e-05
0.00016129
9.67742e-05
3.22581e-05
0.000290323
0.00109677
6.45161e-05
0.000322581
9.67742e-05
0.000290323
0.000322581
0.00209677
0.00264516
0.000193548
0.000258065
0.000129032
0.00016129
0.000290323
9.67742e-05
0.000129032
0.000225806
0.00016129
3.22581e-05
3.22581e-05
6.45161e-05
6.45161e-05
3.22581e-05
0.000258065
0.000129032
9.67742e-05
9.67742e-05
0.000322581
0.000516129
0.000548387
0.000225806
0.000419355
6.45161e-05
9.67742e-05
0.000225806
0.000354839
0.00412903
0.00235484
0.000935484
0.000548387
0.000193548
0.000419355
0.000225806
0.000129032
0.0104194
0.00406452
0.00158065
0.00016129
0.00174194
0.000903226
0.000258065
0.000129032
0.00016129
0.00016129
0.000354839
0.000290323
9.67742e-05
3.22581e-05
3.22581e-05
9.67742e-05
0.001
0.00287097
0.00548387
0.00148387
0.000258065
0.000322581
0.000612903
0.00129032
0.00996774
0.0163548
0.000870968
0.000903226
0.000548387
0.000935484
9.67742e-05
3.22581e-05
0.000806452
0.00135484
0.000193548
9.67742e-05
0.000129032
0.00016129
6.45161e-05
0.00174194
0.00367742
0.00112903
0.00122581
0.00016129
0.000709677
6.45161e-05
0.000193548
0.000935484
0.00232258
0.000548387
0.000387097
9.67742e-05
0.000516129
3.22581e-05
9.67742e-05
6.45161e-05
3.22581e-05
0.000225806
0.000225806
0.000193548
0.000129032
0.000645161
0.00374194
0.000129032
0.000580645
0.000935484
0.00280645
0.000516129
0.000903226
0.000129032
0.000193548
0.000193548
6.45161e-05
6.45161e-05
3.22581e-05
9.67742e-05
0.000258065
0.000129032
0.00196774
9.67742e-05
0.00135484
3.22581e-05
0.00190323
0.00103226
0.00506452
0.00083871
0.0216452
0.000193548
0.000935484
0.000451613
0.008
3.22581e-05
0.000419355
0.001
0.0222258
3.22581e-05
0.000129032
0.000709677
0.00983871
9.67742e-05
0.000419355
0.000225806
0.00670968
3.22581e-05
0.00164516
3.22581e-05
0.00254839
0.000451613
0.00164516
0.000645161
0.0287742
0.000387097
0.00306452
0.000290323
0.0129355
0.000709677
0.0093871
0.0142258
0.00174194
0.0191935
0.000322581
0.00480645
0.000387097
0.0291613
0.000387097
0.00119355
3.22581e-05
0.00119355
3.22581e-05
0.00083871
6.45161e-05
0.00467742
9.67742e-05
0.000516129
0.000451613
0.0144516
0.000483871
0.000903226
9.67742e-05
0.0175161
0.00103226
0.00119355
0.000516129
0.00767742
0.000451613
0.000354839
0.000193548
0.0162903
0.00132258
0.00935484
0.000290323
0.00187097
6.45161e-05
0.00083871
0.000322581
0.00206452
0.000258065
0.000354839
9.67742e-05
0.000193548
6.45161e-05
0.00016129
6.45161e-05
0.000258065
0.000677419
0.000709677
0.00354839
0.000451613
0.000258065
9.67742e-05
0.00241935
0.000322581
0.000225806
0.000193548
0.000806452
6.45161e-05
0.00016129
6.45161e-05
0.000580645
0.000129032
6.45161e-05
0.000129032
9.67742e-05
0.000677419
0.000451613
0.00154839
0.000935484
0.000193548
0.00016129
0.000483871
0.000129032
0.000806452
0.000774194
0.00309677
0.00141935
6.45161e-05
0.000129032
0.000322581
0.000903226
0.000548387
0.000322581
0.00196774
0.000806452
0.000645161
0.00135484
0.0161935
0.0115484
0.000580645
0.00132258
0.00016129
0.000129032
0.00129032
0.00406452
0.00306452
0.00177419
0.00016129
3.22581e-05
9.67742e-05
6.45161e-05
0.000193548
0.000290323
0.000322581
0.000290323
0.000322581
0.00083871
0.000354839
0.00083871
0.000129032
0.000612903
0.00296774
0.0129677
0.00016129
0.000645161
0.000645161
0.000354839
0.000225806
0.000741935
0.00122581
0.00306452
0.001
0.000483871
0.000903226
6.45161e-05
0.00016129
3.22581e-05
0.000580645
6.45161e-05
0.000935484
0.000322581
0.000612903
9.67742e-05
0.000225806
0.00016129
0.000322581
9.67742e-05
0.000129032
0.000129032
0.000483871
6.45161e-05
6.45161e-05
0.000129032
0.000451613
0.000129032
0.001
0.000225806
3.22581e-05
6.45161e-05
9.67742e-05
9.67742e-05
0.002
0.000419355
0.000580645
9.67742e-05
3.22581e-05
0.000225806
6.45161e-05
0.000258065
6.45161e-05
6.45161e-05
9.67742e-05
6.45161e-05
0.00016129
3.22581e-05
0.000225806
3.22581e-05
0.000677419
0.000193548
9.67742e-05
6.45161e-05
6.45161e-05
0.000225806
0.000322581
0.000258065
0.000290323
3.22581e-05
3.22581e-05
0.000290323
0.00016129
0.000129032
0.000225806
0.000322581
0.00016129
9.67742e-05
3.22581e-05
6.45161e-05
0.000451613
9.67742e-05
0.000129032
6.45161e-05
3.22581e-05
0.000387097
0.000225806
0.00016129
3.22581e-05
6.45161e-05
0.000129032
6.45161e-05
0.00016129
0.000290323
3.22581e-05
9.67742e-05
6.45161e-05
0.000258065
3.22581e-05
0.000129032
0.000290323
0.000483871
0.000451613
0.00341935
0.000258065
0.000129032
0.000354839
0.00132258
0.000193548
0.000225806
0.00016129
0.00119355
6.45161e-05
3.22581e-05
6.45161e-05
0.000451613
0.000225806
0.000129032
6.45161e-05
0.000258065
0.00016129
0.000612903
3.22581e-05
0.000193548
0.000225806
0.000387097
0.000419355
6.45161e-05
0.00016129
9.67742e-05
0.000516129
0.000290323
0.000967742
0.00216129
0.00016129
0.000419355
0.00016129
0.000419355
0.000129032
0.0016129
0.000225806
0.00270968
0.000483871
0.00083871
0.00267742
0.000258065
0.00293548
6.45161e-05
0.000129032
3.22581e-05
0.000193548
6.45161e-05
0.000225806
3.22581e-05
0.000225806
3.22581e-05
0.000225806
0.000193548
0.000612903
0.000129032
0.000129032
0.000548387
0.00016129
0.00258065
0.000870968
0.000129032
9.67742e-05
0.000354839
0.000129032
0.000483871
9.67742e-05
0.00016129
3.22581e-05
0.000129032
6.45161e-05
3.22581e-05
0.000129032
0.000290323
0.000129032
0.000193548
3.22581e-05
0.000258065
6.45161e-05
0.000354839
0.000193548
0.00016129
6.45161e-05
9.67742e-05
9.67742e-05
9.67742e-05
0.000290323
9.67742e-05
9.67742e-05
6.45161e-05
3.22581e-05
0.00016129
9.67742e-05
0.000225806
0.000516129
0.000354839
0.000354839
0.000387097
0.000129032
6.45161e-05
0.000580645
0.00119355
0.00158065
0.0013871
6.45161e-05
0.000193548
3.22581e-05
6.45161e-05
0.000290323
0.00016129
6.45161e-05
6.45161e-05
9.67742e-05
3.22581e-05
3.22581e-05
3.22581e-05
0.000806452
0.000709677
0.000354839
0.000903226
0.000387097
6.45161e-05
0.000483871
0.00277419
0.000645161
0.000225806
0.000193548
0.000419355
6.45161e-05
6.45161e-05
0.000193548
0.00167742
0.000290323
0.000354839
0.00016129
0.000290323
6.45161e-05
0.000129032
0.00016129
0.000129032
0.000129032
0.00016129
0.000129032
6.45161e-05
9.67742e-05
0.000354839
0.00016129
0.000290323
0.00109677
0.000741935
0.000258065
0.00016129
0.000290323
9.67742e-05
9.67742e-05
6.45161e-05
0.0130968
0.00251613
0.00190323
9.67742e-05
0.00187097
0.000709677
0.000967742
0.000193548
6.45161e-05
0.000129032
3.22581e-05
6.45161e-05
6.45161e-05
3.22581e-05
0.00016129
0.00016129
0.000129032
3.22581e-05
9.67742e-05
0.000193548
6.45161e-05
0.00903226
0.00619355
0.000580645
6.45161e-05
0.000322581
0.000580645
6.45161e-05
9.67742e-05
0.00264516
0.00129032
0.000419355
0.00016129
0.000129032
0.00016129
6.45161e-05
0.000193548
0.000129032
9.67742e-05
0.000129032
0.000322581
9.67742e-05
6.45161e-05
0.000290323
0.000451613
0.000225806
9.67742e-05
0.000258065
6.45161e-05
6.45161e-05
3.22581e-05
6.45161e-05
3.22581e-05
0.00016129
3.22581e-05
3.22581e-05
0.000709677
0.00351613
0.00016129
0.000225806
0.000935484
0.00735484
0.000451613
0.00209677
3.22581e-05
6.45161e-05
0.000129032
3.22581e-05
3.22581e-05
0.000322581
0.000612903
0.000290323
0.000419355
0.000774194
0.00545161
3.22581e-05
6.45161e-05
0.000645161
0.00451613
0.000193548
0.000870968
0.00106452
0.0234194
0.000129032
0.00103226
0.00280645
0.0394194
0.000290323
0.00167742
9.67742e-05
0.000258065
3.22581e-05
3.22581e-05
0.00083871
0.000193548
0.000483871
0.00290323
6.45161e-05
0.000516129
0.000354839
0.00209677
0.000258065
0.00141935
