-1443.015015
-1437.880371
-1265.859985
-1218.360352
-1235.699829
-1249.507446
-1208.618774
-1196.763306
-1382.744019
-1617.014038
-1448.204346
-1527.064331
-1525.708008
-1482.920288
-1527.748047
-1374.634277
-1166.986938
-1487.300537
-1486.665527
-1847.676758
-1657.237671
-1692.021240
-1561.535767
-1609.673218
-1594.402832
-1630.621216
-1512.063721
-1602.724243
-1650.710327
-1581.603516
-1750.985596
-1526.482544
-1533.815796
-1685.588135
-1434.753662
-1556.932739
-1463.822876
-1393.643921
-1473.714233
-1636.302368
-1580.052002
-1441.454102
-1568.434326
-1633.479370
-1744.590210
-1566.649902
-1430.556152
-1552.985229
-1537.911621
-1500.978882
-1617.994385
-1576.700684
-1638.741821
-1646.224854
-1626.468018
-1533.914307
-1436.117310
-1583.009277
-1564.943359
-1494.768433
-1729.766235
-1515.089111
-1761.565430
-1506.689331
-1489.027588
-1463.774780
-1641.198853
-1532.411987
-1617.354614
-1669.453613
-1703.203003
-1630.734375
-1632.013062
-1450.411011
-1543.064941
-1401.559204
-1635.651001
-1515.178589
-1884.479248
-1761.076294
-1667.430542
-1524.917725
-1666.579224
-1502.916626
-1586.527344
-1357.659424
-1407.753174
-1366.706665
-1379.435791
-1343.398438
-1291.340088
-1647.933472
-1626.745728
-1431.893677
-1661.193604
-1473.628174
-1474.800293
-1533.277588
-1453.319824
-1407.282837
-1536.866699
-1586.417725
-1477.176392
-1621.576172
-1413.596436
-1430.360352
-1564.635864
-1422.052246
-1304.089722
-1422.742920
-1576.849365
-1390.104492
-1726.781006
-1476.762817
-1533.091431
-1315.460571
-1397.737427
-1432.448120
-1463.588989
-1245.326782
-1527.614380
-1493.554199
-1349.054932
-1203.652344
-1407.352661
-1281.617310
-1387.346313
-1285.866699
-1269.767212
-1384.359253
-1521.942505
-1247.999756
-1147.309082
-1337.812744
-1515.778076
-1093.591675
-1371.912476
-1135.630493
-1327.900513
-1340.475342
-1254.485229
-1280.843262
-1267.031128
-1290.154175
-1260.825806
-1438.424805
-1345.500366
-1249.876099
-1133.301636
-1302.642578
-1513.060791
-1352.303345
-1413.923584
-1213.450562
-1441.011597
-1466.607056
-1274.037598
-1292.085815
-1349.380615
-1407.858765
-1338.501343
-1314.757812
-1527.353027
-1271.918213
-1405.238647
-1423.139648
-1380.870483
-1352.741089
-1298.475586
-1304.942993
-1278.181030
-1333.972412
-1331.742432
-1350.848877
-1373.584351
-1275.885620
-1443.557251
-1452.165894
-1306.753906
-1331.305176
-1522.783813
-1547.187134
-1325.606079
-1323.254272
-1378.418091
-1422.182983
-1261.181885
-1369.847046
-1172.730835
-1256.231445
-1267.531494
-1129.868042
-1258.250488
-1323.036865
-1146.379639
-1094.764282
-1246.749512
-1230.624390
-1285.757202
-1261.205322
-1207.474487
-1519.436768
-1244.401367
-1342.021851
-1331.493042
-1294.914062
-1315.445068
-1300.011841
-1311.784424
-1339.357300
-1183.753296
-1158.563110
-1352.638794
-1468.656616
-1209.688599
-1396.590454
-1190.617188
-1208.873535
-1206.006348
-1288.664795
-1338.431763
-1277.018799
-1179.000854
-1253.331055
-1202.727417
-1362.694336
-1334.044189
-1184.928467
-1138.630859
-1156.531372
-1376.867798
-1116.560181
-1307.111938
-1142.736206
-1301.156738
-1292.807739
-1257.447266
-1289.213501
-1127.334473
-1270.189941
-1201.088501
-1189.364624
-1246.497559
-1079.870605
-1299.579834
-1245.845459
-1133.574707
-1178.189819
-1193.598145
-1163.173584
-1240.419800
-1201.440918
-1324.468994
-1149.505005
-1187.975952
-1084.678589
-1100.836060
-1240.646973
-1293.195557
-1325.887451
-1093.620728
-1133.906250
-1273.003784
-1337.917725
-1378.198608
-1223.732056
-1301.308105
-1291.801636
-1290.779175
-1431.894165
-1442.957520
-1404.019531
-1445.528931
-1512.412476
-1421.757690
-1489.206787
-1334.075562
-1322.994995
-1357.781250
-1329.288208
-1370.103760
-1451.146240
-1356.085327
-1590.211792
-1430.833618
-1410.994751
-1427.364624
-1322.071655
-1391.229736
-1297.499390
-1409.694092
-1284.838501
-1389.927734
-1296.474365
-1395.074097
-1370.312134
-1410.173462
-1394.616211
-1375.411133
-1237.420410
-1258.848755
-1352.305786
-1250.076782
-1198.673096
-1335.162109
-1370.615356
-1338.577881
-1212.405396
-1305.764648
-1241.725830
-1402.518799
-1325.474487
-1304.044312
-1273.907715
-1242.099243
-1332.646851
-1283.591431
-1336.669800
-1262.900269
-1263.347534
-1249.852173
-1343.346558
-1273.293579
-1349.747437
-1359.085571
-1474.619995
-1331.326416
-1473.368164
-1555.894287
-1582.664429
-1374.125244
-1477.412476
-1396.170410
-1460.676758
-1463.603882
-1496.520508
-1542.776855
-1531.413818
-1427.654297
-1485.778442
-1512.567505
-1508.392212
-1451.981201
-1299.322021
-1353.440308
-1416.887207
-1264.770508
-1341.761230
-1364.645996
-1278.838379
-1266.887451
-1252.187378
-1198.457886
-1264.697144
-1128.506958
-1276.170044
-1213.258667
-1451.022827
-1382.293579
-1279.411621
-1323.046265
-1272.737549
-1287.913940
-1307.711548
-1315.330688
-1275.246826
-1281.325073
-1226.339478
-1348.053223
-1258.453613
-1327.204346
-1373.361206
-1424.672974
-1352.321899
-1323.796997
-1562.227905
-1323.124390
-1289.187256
-1248.754028
-1265.875854
-1219.195923
-1230.438477
-1150.138672
-1358.997437
-1201.139282
-1363.534058
-1471.933472
-1462.451416
-1187.210815
-1425.148804
-1300.928833
-1177.653320
-1324.371460
-1194.106445
-1134.908447
-1130.923462
-1276.669556
-1252.248657
-1212.886475
-1234.677612
-1241.437378
-1291.640259
-1209.038574
-1093.806641
-1142.574951
-1097.111816
-1080.772095
-1101.636475
-1168.532471
-1354.139160
-1037.982056
-988.426025
-1298.099609
-1369.932617
-1151.106323
-1194.844604
-1128.405884
-1174.038696
-1306.125244
-1273.439575
-1262.067627
-1325.122437
-1354.099121
-1372.455444
-1372.654663
-1323.416626
-1453.786377
-1391.667969
-1273.050293
-1196.285767
-1191.181763
-1109.198120
-1192.978149
-1315.359375
-1208.911621
-1369.653931
-1234.984497
-1208.309204
-1150.891113
-1232.309082
-1163.565796
-1349.592773
-1291.054565
-1257.348389
-1190.917603
-1292.673462
-1226.591187
-1297.879395
-1110.170044
-1266.319336
-1242.178589
-1251.687134
-1153.632202
-1267.703369
-988.391113
-975.530884
-1121.121704
-1331.684326
-1065.401611
-1147.163696
-1001.785461
-1012.236694
-979.785522
-1126.384033
-1166.140747
-979.979492
-1103.721680
-1170.384155
-964.658325
-1266.843872
-1236.550415
-1218.176880
-1197.171997
-1169.103516
-1383.962402
-1176.332397
-1251.047363
-1362.165527
-1294.980103
-1134.242065
-1197.264160
-1246.981567
-1173.648682
-1305.708130
-1237.462524
-1081.400513
-1327.892578
-1187.373169
-1140.525635
-1202.552612
-1251.534668
-1436.233154
-1482.507324
-1126.052734
-1391.517456
-1273.960815
-1231.819946
-1185.046265
-1281.452148
-1287.875732
-1097.661499
-1239.917969
-1226.989258
-1183.676636
-1147.728760
-1182.682373
-1407.256470
-1429.340942
-1259.270752
-1201.869507
-1206.151611
-1258.912231
-1176.845581
-1376.824097
-1487.583130
-1201.256958
-1330.779419
-1256.616821
-1273.100586
-1409.442627
-1278.748169
-1418.020386
-1323.469604
-1419.238770
-1259.822998
-1339.850098
-1178.503418
-1376.054565
-1292.623413
-1206.097778
-1324.955688
-1268.558472
-1377.760742
-1435.559692
-1382.093628
-1382.713379
-1446.055420
-1647.842651
-1359.961182
-1252.908325
-1484.743042
-1503.471558
-1414.959473
-1474.099365
-1203.677734
-1336.203979
-1349.195435
-1351.850098
-1431.833374
-1388.382446
-1285.344360
-1467.085815
-1428.159790
-1416.067505
-1192.729492
-1406.357544
-1399.930054
-1518.245605
-1421.044312
-1265.250854
-1446.113770
-1282.687622
-1472.689087
-1457.005615
-1433.425903
-1431.180908
-1331.858887
-1420.770874
-1300.075562
-1564.380127
-1397.072632
-1340.647827
-1329.271362
-1357.038818
-1277.895996
-1313.041504
-1385.015747
-1471.577515
-1333.214966
-1293.840820
-1423.088989
-1208.468018
-1208.932129
-1125.716675
-1390.017456
-1386.474731
-1229.510498
-1271.192993
-1328.324097
-1238.603638
-1357.805176
-1279.937744
-1327.208740
-1384.029419
-1378.051147
-1468.626099
-1570.859863
-1375.021484
-1522.812134
-1550.822388
-1497.514771
-1699.668701
-1397.710938
-1313.609985
-1186.867188
-1416.031128
-1304.794556
-1208.388672
-1232.468628
-1379.858643
-1294.222046
-1333.145752
-1134.824951
-1258.192383
-1332.239380
-1510.939575
-1402.426147
-1400.292603
-1267.339966
-1260.869263
-1267.476807
-1320.403320
-1302.513550
-1367.228149
-1298.756348
-1380.628906
-1418.485107
-1451.930420
-1246.287231
-1346.100220
-1479.635864
-1398.666016
-1365.457153
-1462.213623
-1470.121216
-1497.179443
-1523.278320
-1514.040283
-1461.778198
-1347.547974
-1529.221436
-1424.775757
-1509.573975
-1481.976807
-1441.346069
-1460.145752
-1382.803101
-1520.811401
-1355.890869
-1458.954590
-1474.402832
-1515.768066
-1451.360840
-1284.310791
-1336.593506
-1399.515747
-1416.932495
-1532.630005
-1407.693848
-1428.354980
-1497.572754
-1570.102905
-1180.269653
-1362.187256
-1496.154175
-1438.745972
-1321.681641
-1207.909912
-1322.361816
-1353.576782
-1377.084351
-1538.901001
-1601.812134
-1507.368164
-1476.964722
-1439.190430
-1432.027832
-1361.023682
-1515.402710
-1569.702393
-1379.164062
-1662.526123
-1391.989624
-1567.480225
-1480.459839
-1483.754272
-1456.231323
-1487.547363
-1637.898071
-1470.921509
-1349.954346
-1457.290527
-1556.433228
-1313.136841
-1370.364136
-1493.421631
-1446.609863
-1425.361328
-1537.445801
-1355.295288
-1565.528442
-1544.721680
-1624.091187
-1696.375244
-1468.503662
-1487.919678
-1587.831177
-1593.521973
-1653.966553
-1585.064575
-1390.147095
-1270.822388
-1365.080566
-1413.964966
-1374.616577
-1422.545776
-1612.093018
-1545.830444
-1306.525635
-1153.607544
-1309.714111
-1542.333862
-1300.788452
-1327.770264
-1300.102173
-1530.438965
-1583.279541
-1702.387817
-1831.141724
-1709.372437
-1659.836304
-1690.402832
-1633.219849
-1621.161743
-1550.703369
-1571.863281
-1571.850220
-1713.089966
-1627.818970
-1441.407227
-1541.626343
-1563.456787
-1551.138062
-1515.951294
-1508.372070
-1496.081177
-1323.105347
-1517.013062
-1329.246094
-1360.104492
-1459.680664
-1166.770996
-1283.810059
-1384.673950
-1358.707764
-1114.264282
-1301.127441
-1330.333618
-1318.263916
-1220.740356
-1199.357788
-1187.950073
-1197.855347
-1212.422729
-1291.970215
-1190.093750
-1402.654175
-1341.942749
-1188.453735
-1138.433716
-1343.564941
-1261.972900
-1310.898438
-1207.318970
-1192.683228
-1230.103027
-1372.979370
-1339.455566
-1460.475220
-1232.623047
-1158.514038
-1385.151367
-1232.433838
-1287.051636
-1325.799194
-1242.600952
-1182.652588
-1273.791138
-1408.354492
-1244.683228
-1382.455322
-1095.219238
-1213.401245
-1309.304810
-1395.215942
-1305.895020
-1186.227051
-1255.808960
-1364.408569
-1231.534790
-1356.929565
-1235.043945
-1341.757935
-1364.668823
-1323.912109
-1675.209229
-1611.042603
-1478.242554
-1331.031738
-1440.553467
-1518.062744
-1682.830078
-1510.896729
-1456.168579
-1248.225220
-1410.590576
-1645.070923
-1382.537964
-1373.999878
-1467.127319
-1458.433838
-1390.377808
-1358.649292
-1176.501221
-1444.630005
-1210.032227
-1307.543335
-1388.824097
-1237.222412
-1267.108887
-1333.455200
-1263.375000
-1333.140869
-1306.668213
-1340.862671
-1146.949707
-1264.546509
-1373.707886
-1403.721191
-1339.476196
-1396.168701
-1556.159180
-1583.201172
-1356.462646
-1238.552734
-1433.995605
-1531.112915
-1250.059937
-1313.508911
-1434.291870
-1110.057861
-1202.091675
-1214.572266
-1418.871704
-1263.858032
-1316.324097
-1188.676636
-1219.877197
-1209.541138
-1232.461060
-1260.755371
-1209.861572
-1404.590332
-1294.572388
-1451.512451
-1339.433472
-1216.024780
-1292.499023
-1472.420410
-1371.280762
-1290.247070
-1414.386475
-1397.050659
-1529.006836
-1337.856567
-1304.876343
-1456.293823
-1444.803955
-1439.104004
-1358.616089
-1618.747192
-1468.154053
-1487.984131
-1432.329468
-1580.426636
-1501.595947
-1404.536865
-1353.513306
-1468.211426
-1442.190552
-1407.072998
-1273.732300
-1321.164429
-1436.046265
-1522.198364
-1556.443726
-1423.023926
-1524.537109
-1417.808228
-1536.842529
-1337.894409
-1489.378784
-1478.665405
-1572.931641
-1343.834961
-1373.606567
-1370.031494
-1380.692017
-1617.422607
-1298.322754
-1287.290405
-1437.960205
-1250.361694
-1474.226074
-1379.736694
-1514.267334
-1411.928955
-1503.364624
-1217.354370
-1485.298706
-1587.658203
-1390.982788
-1422.374756
-1418.020630
-1289.778687
-1431.659790
-1273.245361
-1285.551270
-1292.254883
-1596.122437
-1463.947632
-1472.429077
-1429.119263
-1208.884033
-1413.110107
-1384.981812
-1479.130737
-1309.748535
-1324.405640
-1317.214478
-1144.342041
-1226.035156
-1211.067017
-1096.728149
-1268.581543
-1223.902222
-1099.221313
-1319.859375
-1047.134521
-1245.678223
-1250.942383
-1362.983154
-1450.890991
-1524.786377
-1383.251587
-1232.421021
-1298.970459
-1419.981445
-1412.007446
-1403.090576
-1375.841675
-1270.701904
-1228.760376
-1251.255859
-1348.152222
-1137.000488
-1327.760742
-1358.712158
-1405.146118
-1215.024658
-1414.268066
-1328.085815
-1312.754761
-1347.550171
-1294.139771
-1326.558960
-1408.897705
-1296.428833
-1076.294800
-1260.944336
-1447.259521
-1284.702759
-1301.496582
-1152.160889
-1228.026978
-1335.304077
-1497.619995
-1260.080078
-1163.113281
-1264.219360
-1349.240723
-1341.565796
-1199.992676
-1252.823608
-1403.717285
-1211.844971
-1121.319214
-1251.293457
-1420.871216
-1405.937012
